0|총류|0|0
10|도서학, 서지학|1|0
20|문헌정보학|1|0
30|백과사전|1|0
40|강연집, 수필집|1|0
100|철학|0|1
110|형이상학|1|1
120|형이상학|1|1
130|철학의 세계|1|1
140|경학|1|1
200|종교|0|2
210|비교종교|1|2
220|불교|1|2
230|기독교|1|2
240|도교|1|2
300|사회과학|0|3
310|통계학|1|3
320|경제학|1|3
330|사회학, 사회문제|1|3
340|정치학|1|3
400|순수과학|0|4
410|수학|1|4
420|물리학|1|4
430|화학|1|4
440|천문학|1|4
500|기술과학|0|5
510|의학|1|5
520|농업, 농학|1|5
530|공학, 공업일반|1|5
540|건축공학|1|5
600|예술|0|6
610|건축술|1|6
620|조각|1|6
630|공예, 장식미술|1|6
640|서예|1|6
700|언어|0|7
710|한국어|1|7
720|중국어|1|7
730|일본어|1|7
740|영어|1|7
800|문학|0|8
810|한국문학|1|8
820|중국문학|1|8
830|일본문학|1|8
840|영미문학|1|8
900|역사|0|9
910|아시아|1|9
920|유럽|1|9
930|아프리카|1|9
940|북아메리카|1|9
